himmelblau GA 100 100 0.001 0.6 0 0 5.841972 2479.467606 23.484445
himmelblau GA 100 100 0.001 0.6 1 100 5.841972 1564.485816 22.305912
himmelblau GA 100 100 0.001 0.6 2 200 5.841972 904.585959 20.595801
himmelblau GA 100 100 0.001 0.6 3 300 5.841972 752.513855 18.340201
himmelblau GA 100 100 0.001 0.6 4 400 0.778302 515.310014 18.122324
himmelblau GA 100 100 0.001 0.6 5 500 0.778302 526.087080 19.145456
himmelblau GA 100 100 0.001 0.6 6 600 0.778302 382.425643 16.102612
himmelblau GA 100 100 0.001 0.6 7 700 0.778302 278.966282 19.049719
himmelblau GA 100 100 0.001 0.6 8 800 0.778302 275.176722 17.605265
himmelblau GA 100 100 0.001 0.6 9 900 0.778302 236.864096 15.966311
himmelblau GA 100 100 0.001 0.6 10 1000 0.778302 235.571836 15.785252
himmelblau GA 100 100 0.001 0.6 11 1100 0.778302 235.550382 19.750297
himmelblau GA 100 100 0.001 0.6 12 1200 0.778302 163.536062 14.897335
himmelblau GA 100 100 0.001 0.6 13 1300 0.778302 237.119769 16.540329
himmelblau GA 100 100 0.001 0.6 14 1400 0.778302 391.169634 19.086431
himmelblau GA 100 100 0.001 0.6 15 1500 0.778302 156.858151 13.975760
himmelblau GA 100 100 0.001 0.6 16 1600 0.778302 217.652990 15.255695
himmelblau GA 100 100 0.001 0.6 17 1700 0.778302 251.214085 19.265253
himmelblau GA 100 100 0.001 0.6 18 1800 0.778302 293.280943 18.194406
himmelblau GA 100 100 0.001 0.6 19 1900 0.778302 323.850859 18.404796
himmelblau GA 100 100 0.001 0.6 20 2000 0.778302 259.696417 14.942256
himmelblau GA 100 100 0.001 0.6 21 2100 0.778302 313.877153 17.495241
himmelblau GA 100 100 0.001 0.6 22 2200 0.778302 438.981646 17.362839
himmelblau GA 100 100 0.001 0.6 23 2300 0.778302 390.770389 18.015245
himmelblau GA 100 100 0.001 0.6 24 2400 0.778302 282.640061 16.058925
himmelblau GA 100 100 0.001 0.6 25 2500 0.778302 253.721902 15.956361
himmelblau GA 100 100 0.001 0.6 26 2600 0.778302 280.342634 17.302528
himmelblau GA 100 100 0.001 0.6 27 2700 0.778302 267.129837 16.408468
himmelblau GA 100 100 0.001 0.6 28 2800 0.778302 216.081195 16.618228
himmelblau GA 100 100 0.001 0.6 29 2900 0.778302 191.048146 15.793410
himmelblau GA 100 100 0.001 0.6 30 3000 0.778302 191.467038 15.831879
himmelblau GA 100 100 0.001 0.6 31 3100 0.778302 309.388730 16.739808
himmelblau GA 100 100 0.001 0.6 32 3200 0.778302 247.508367 15.356094
himmelblau GA 100 100 0.001 0.6 33 3300 0.778302 242.804062 15.156560
himmelblau GA 100 100 0.001 0.6 34 3400 0.778302 272.384542 16.786414
himmelblau GA 100 100 0.001 0.6 35 3500 0.778302 292.735921 16.688665
himmelblau GA 100 100 0.001 0.6 36 3600 0.778302 229.626722 15.739592
himmelblau GA 100 100 0.001 0.6 37 3700 0.778302 305.320247 16.609382
himmelblau GA 100 100 0.001 0.6 38 3800 0.778302 166.471144 13.891932
himmelblau GA 100 100 0.001 0.6 39 3900 0.778302 78.104671 12.097255
himmelblau GA 100 100 0.001 0.6 40 4000 0.778302 101.270978 15.451451
himmelblau GA 100 100 0.001 0.6 41 4100 0.778302 172.626761 15.856376
himmelblau GA 100 100 0.001 0.6 42 4200 0.778302 137.534816 14.621316
himmelblau GA 100 100 0.001 0.6 43 4300 0.778302 220.300523 17.479854
himmelblau GA 100 100 0.001 0.6 44 4400 0.778302 165.043613 17.102304
himmelblau GA 100 100 0.001 0.6 45 4500 0.778302 123.014447 14.564414
himmelblau GA 100 100 0.001 0.6 46 4600 0.778302 134.613287 16.246346
himmelblau GA 100 100 0.001 0.6 47 4700 0.778302 128.141088 16.062007
himmelblau GA 100 100 0.001 0.6 48 4800 0.778302 115.964199 11.934935
himmelblau GA 100 100 0.001 0.6 49 4900 0.778302 66.930601 10.784136
himmelblau GA 100 100 0.001 0.6 50 5000 0.778302 207.630109 16.422287
himmelblau GA 100 100 0.001 0.6 51 5100 0.778302 152.725494 16.896484
himmelblau GA 100 100 0.001 0.6 52 5200 0.778302 203.760061 15.640469
himmelblau GA 100 100 0.001 0.6 53 5300 0.778302 192.966481 15.291567
himmelblau GA 100 100 0.001 0.6 54 5400 0.778302 136.582277 16.100095
himmelblau GA 100 100 0.001 0.6 55 5500 0.778302 139.942351 15.223027
himmelblau GA 100 100 0.001 0.6 56 5600 0.778302 63.643104 10.984387
himmelblau GA 100 100 0.001 0.6 57 5700 0.778302 55.667357 10.949937
himmelblau GA 100 100 0.001 0.6 58 5800 0.778302 93.218936 15.005827
himmelblau GA 100 100 0.001 0.6 59 5900 0.778302 41.749528 10.633122
himmelblau GA 100 100 0.001 0.6 60 6000 0.778302 75.542903 14.976328
himmelblau GA 100 100 0.001 0.6 61 6100 0.778302 47.381680 11.563759
himmelblau GA 100 100 0.001 0.6 62 6200 0.778302 38.888668 9.013535
himmelblau GA 100 100 0.001 0.6 63 6300 0.778302 76.672157 14.921061
himmelblau GA 100 100 0.001 0.6 64 6400 0.778302 125.980141 14.995316
himmelblau GA 100 100 0.001 0.6 65 6500 0.778302 29.331462 5.278918
himmelblau GA 100 100 0.001 0.6 66 6600 0.778302 24.322139 5.279896
himmelblau GA 100 100 0.001 0.6 67 6700 0.778302 68.104226 15.016203
himmelblau GA 100 100 0.001 0.6 68 6800 0.778302 20.689679 5.282971
himmelblau GA 100 100 0.001 0.6 69 6900 0.778302 62.628099 14.781623
himmelblau GA 100 100 0.001 0.6 70 7000 0.778302 69.288997 15.058803
himmelblau GA 100 100 0.001 0.6 71 7100 0.778302 113.192246 15.075139
himmelblau GA 100 100 0.001 0.6 72 7200 0.778302 112.449763 15.014866
himmelblau GA 100 100 0.001 0.6 73 7300 0.778302 51.320927 10.013001
himmelblau GA 100 100 0.001 0.6 74 7400 0.778302 19.383313 5.206598
himmelblau GA 100 100 0.001 0.6 75 7500 0.778302 66.165879 15.030247
himmelblau GA 100 100 0.001 0.6 76 7600 0.778302 116.781314 15.053878
himmelblau GA 100 100 0.001 0.6 77 7700 0.778302 150.336273 15.202487
himmelblau GA 100 100 0.001 0.6 78 7800 0.778302 36.857871 10.208686
himmelblau GA 100 100 0.001 0.6 79 7900 0.778302 117.654684 15.210782
himmelblau GA 100 100 0.001 0.6 80 8000 0.778302 97.962042 15.053763
himmelblau GA 100 100 0.001 0.6 81 8100 0.778302 17.763529 5.222284
himmelblau GA 100 100 0.001 0.6 82 8200 0.598454 14.891614 5.340823
himmelblau GA 100 100 0.001 0.6 83 8300 0.159814 13.840214 5.650049
himmelblau GA 100 100 0.001 0.6 84 8400 0.159814 9.905915 5.234821
himmelblau GA 100 100 0.001 0.6 85 8500 0.159814 55.305163 15.014675
himmelblau GA 100 100 0.001 0.6 86 8600 0.159814 9.361246 5.604439
himmelblau GA 100 100 0.001 0.6 87 8700 0.159814 9.080948 4.477028
himmelblau GA 100 100 0.001 0.6 88 8800 0.095010 5.974014 1.955034
himmelblau GA 100 100 0.001 0.6 89 8900 0.095010 4.066445 1.336449
himmelblau GA 100 100 0.001 0.6 90 9000 0.095010 5.094506 4.379320
himmelblau GA 100 100 0.001 0.6 91 9100 0.095010 1.867781 0.723627
himmelblau GA 100 100 0.001 0.6 92 9200 0.095010 0.714741 0.113997
himmelblau GA 100 100 0.001 0.6 93 9300 0.095010 0.689132 0.113997
himmelblau GA 100 100 0.001 0.6 94 9400 0.056004 0.642130 0.113997
himmelblau GA 100 100 0.001 0.6 95 9500 0.056004 0.602549 0.113997
himmelblau GA 100 100 0.001 0.6 96 9600 0.056004 0.545163 0.113997
himmelblau GA 100 100 0.001 0.6 97 9700 0.056004 0.449437 0.113997
himmelblau GA 100 100 0.001 0.6 98 9800 0.056004 0.397431 0.113997
himmelblau GA 100 100 0.001 0.6 99 9900 0.056004 0.328106 0.113997
himmelblau GA 100 100 0.001 0.6 100 10000 0.056004 0.292298 0.113997
himmelblau GA 100 100 0.001 0.6 101 10100 0.056004 0.246599 0.113997
himmelblau GA 100 100 0.001 0.6 102 10200 0.056004 0.216880 0.113997
himmelblau GA 100 100 0.001 0.6 103 10300 0.056004 0.186223 0.113997
himmelblau GA 100 100 0.001 0.6 104 10400 0.056004 0.213436 0.113997
himmelblau GA 100 100 0.001 0.6 105 10500 0.056004 0.153684 0.105282
himmelblau GA 100 100 0.001 0.6 106 10600 0.056004 0.137900 0.105282
himmelblau GA 100 100 0.001 0.6 107 10700 0.056004 0.108181 0.105282
himmelblau GA 100 100 0.001 0.6 108 10800 0.056004 0.100109 0.080608
himmelblau GA 100 100 0.001 0.6 109 10900 0.056004 0.099220 0.087432
himmelblau GA 100 100 0.001 0.6 110 11000 0.056004 0.100095 0.087432
himmelblau GA 100 100 0.001 0.6 111 11100 0.056004 0.096501 0.087432
himmelblau GA 100 100 0.001 0.6 112 11200 0.056004 0.085635 0.058651
himmelblau GA 100 100 0.001 0.6 113 11300 0.056004 0.085240 0.039101
himmelblau GA 100 100 0.001 0.6 114 11400 0.056004 0.082906 0.039101
himmelblau GA 100 100 0.001 0.6 115 11500 0.056004 0.083686 0.039101
himmelblau GA 100 100 0.001 0.6 116 11600 0.056004 0.084070 0.039101
himmelblau GA 100 100 0.001 0.6 117 11700 0.056004 0.084327 0.058651
himmelblau GA 100 100 0.001 0.6 118 11800 0.056004 0.083542 0.039101
himmelblau GA 100 100 0.001 0.6 119 11900 0.056004 0.083668 0.039101
himmelblau GA 100 100 0.001 0.6 120 12000 0.056004 0.083668 0.039101
himmelblau GA 100 100 0.001 0.6 121 12100 0.056004 0.081717 0.039101
himmelblau GA 100 100 0.001 0.6 122 12200 0.056004 0.072110 0.039101
himmelblau GA 100 100 0.001 0.6 123 12300 0.056004 0.072758 0.039101
himmelblau GA 100 100 0.001 0.6 124 12400 0.056004 0.075615 0.039101
himmelblau GA 100 100 0.001 0.6 125 12500 0.056004 0.071330 0.039101
himmelblau GA 100 100 0.001 0.6 126 12600 0.056004 0.075879 0.039101
himmelblau GA 100 100 0.001 0.6 127 12700 0.056004 0.075879 0.039101
himmelblau GA 100 100 0.001 0.6 128 12800 0.056004 0.073538 0.039101
himmelblau GA 100 100 0.001 0.6 129 12900 0.056004 0.069512 0.039101
himmelblau GA 100 100 0.001 0.6 130 13000 0.056004 0.070814 0.039101
himmelblau GA 100 100 0.001 0.6 131 13100 0.056004 0.067700 0.039101
himmelblau GA 100 100 0.001 0.6 132 13200 0.056004 0.068744 0.039101
himmelblau GA 100 100 0.001 0.6 133 13300 0.056004 0.067442 0.039101
himmelblau GA 100 100 0.001 0.6 134 13400 0.056004 0.066014 0.039101
himmelblau GA 100 100 0.001 0.6 135 13500 0.056004 0.064063 0.039101
himmelblau GA 100 100 0.001 0.6 136 13600 0.056004 0.059905 0.019550
himmelblau GA 100 100 0.001 0.6 137 13700 0.056004 0.059905 0.019550
himmelblau GA 100 100 0.001 0.6 138 13800 0.056004 0.061855 0.019550
himmelblau GA 100 100 0.001 0.6 139 13900 0.056004 0.059515 0.019550
himmelblau GA 100 100 0.001 0.6 140 14000 0.056004 0.058735 0.019550
himmelblau GA 100 100 0.001 0.6 141 14100 0.056004 0.059905 0.019550
himmelblau GA 100 100 0.001 0.6 142 14200 0.056004 0.057954 0.019550
population with size 100:
01011011111010011110 (0.056) (-2.825, 3.099)
01011011111010011110 (0.056) (-2.825, 3.099)
01011011111010011110 (0.056) (-2.825, 3.099)
01011011111010011110 (0.056) (-2.825, 3.099)
01011011111010011110 (0.056) (-2.825, 3.099)
01011011111010011110 (0.056) (-2.825, 3.099)
01011011111010011110 (0.056) (-2.825, 3.099)
01011011111010011110 (0.056) (-2.825, 3.099)
01011011111010011110 (0.056) (-2.825, 3.099)
01011011111010011110 (0.056) (-2.825, 3.099)
01011011111010011110 (0.056) (-2.825, 3.099)
01011011111010011110 (0.056) (-2.825, 3.099)
01011011111010011110 (0.056) (-2.825, 3.099)
01011011111010011110 (0.056) (-2.825, 3.099)
01011011111010011110 (0.056) (-2.825, 3.099)
01011011111010011110 (0.056) (-2.825, 3.099)
01011011111010011110 (0.056) (-2.825, 3.099)
01011011111010011110 (0.056) (-2.825, 3.099)
01011011111010011110 (0.056) (-2.825, 3.099)
01011011111010011110 (0.056) (-2.825, 3.099)
01011011111010011110 (0.056) (-2.825, 3.099)
01011011111010011110 (0.056) (-2.825, 3.099)
01011011111010011110 (0.056) (-2.825, 3.099)
01011011111010011110 (0.056) (-2.825, 3.099)
01011011111010011110 (0.056) (-2.825, 3.099)
01011011111010011110 (0.056) (-2.825, 3.099)
01011011111010011110 (0.056) (-2.825, 3.099)
01011011111010011110 (0.056) (-2.825, 3.099)
01011011111010011110 (0.056) (-2.825, 3.099)
01011011111010011110 (0.056) (-2.825, 3.099)
01011011111010011110 (0.056) (-2.825, 3.099)
01011011111010011110 (0.056) (-2.825, 3.099)
01011011111010011110 (0.056) (-2.825, 3.099)
01011011111010011110 (0.056) (-2.825, 3.099)
01011011111010011110 (0.056) (-2.825, 3.099)
01011011111010011110 (0.056) (-2.825, 3.099)
01011011111010011110 (0.056) (-2.825, 3.099)
01011011111010011110 (0.056) (-2.825, 3.099)
01011011111010011110 (0.056) (-2.825, 3.099)
01011011111010011110 (0.056) (-2.825, 3.099)
01011011111010011110 (0.056) (-2.825, 3.099)
01011011111010011110 (0.056) (-2.825, 3.099)
01011011111010011110 (0.056) (-2.825, 3.099)
01011011111010011110 (0.056) (-2.825, 3.099)
01011011111010011110 (0.056) (-2.825, 3.099)
01011011111010011110 (0.056) (-2.825, 3.099)
01011011111010011110 (0.056) (-2.825, 3.099)
01011011111010011110 (0.056) (-2.825, 3.099)
01011011111010011110 (0.056) (-2.825, 3.099)
01011011111010011110 (0.056) (-2.825, 3.099)
01011011111010011110 (0.056) (-2.825, 3.099)
01011011111010011110 (0.056) (-2.825, 3.099)
01011011111010011110 (0.056) (-2.825, 3.099)
01011011111010011110 (0.056) (-2.825, 3.099)
01011011111010011110 (0.056) (-2.825, 3.099)
01011011111010011110 (0.056) (-2.825, 3.099)
01011011111010011110 (0.056) (-2.825, 3.099)
01011011111010011110 (0.056) (-2.825, 3.099)
01011011111010011110 (0.056) (-2.825, 3.099)
01011011111010011110 (0.056) (-2.825, 3.099)
01011011111010011110 (0.056) (-2.825, 3.099)
01011011111010011110 (0.056) (-2.825, 3.099)
01011011111010011110 (0.056) (-2.825, 3.099)
01011011111010011110 (0.056) (-2.825, 3.099)
01011011111010011110 (0.056) (-2.825, 3.099)
01011011111010011110 (0.056) (-2.825, 3.099)
01011011111010011110 (0.056) (-2.825, 3.099)
01011011111010011110 (0.056) (-2.825, 3.099)
01011011111010011110 (0.056) (-2.825, 3.099)
01011011111010011110 (0.056) (-2.825, 3.099)
01011011111010011110 (0.056) (-2.825, 3.099)
01011011111010011110 (0.056) (-2.825, 3.099)
01011011111010011110 (0.056) (-2.825, 3.099)
01011011111010011110 (0.056) (-2.825, 3.099)
01011011111010011110 (0.056) (-2.825, 3.099)
01011011111010011110 (0.056) (-2.825, 3.099)
01011011111010011110 (0.056) (-2.825, 3.099)
01011011111010011110 (0.056) (-2.825, 3.099)
01011011111010011110 (0.056) (-2.825, 3.099)
01011011111010011110 (0.056) (-2.825, 3.099)
01011011111010011110 (0.056) (-2.825, 3.099)
01011011111010011110 (0.056) (-2.825, 3.099)
01011011111010011110 (0.056) (-2.825, 3.099)
01011011111010011110 (0.056) (-2.825, 3.099)
01011011111010011110 (0.056) (-2.825, 3.099)
01011011111010011110 (0.056) (-2.825, 3.099)
01011011111010011110 (0.056) (-2.825, 3.099)
01011011111010011110 (0.056) (-2.825, 3.099)
01011011111010011110 (0.056) (-2.825, 3.099)
01011011111010011110 (0.056) (-2.825, 3.099)
01011011111010011110 (0.056) (-2.825, 3.099)
01011011111010011110 (0.056) (-2.825, 3.099)
01011011111010011110 (0.056) (-2.825, 3.099)
01011011111010011110 (0.056) (-2.825, 3.099)
01011011111010011110 (0.056) (-2.825, 3.099)
01011011101010011110 (0.095) (-2.845, 3.099)
01011011101010011110 (0.095) (-2.845, 3.099)
01011011101010011110 (0.095) (-2.845, 3.099)
01011011101010011110 (0.095) (-2.845, 3.099)
01011011101010011110 (0.095) (-2.845, 3.099)

himmelblau GA 100 100 0.001 0.6 142 14200 0.056004 0.057954 0.019550
---- Final Results ----
Best solution found at (-2.825024, 3.098729)
Function value: 0.0560041543
Total generations : 142
Average fitness   : 0.0580
Convergence       : 95.00%
Termination reason: 95.0% of population converged to fitness 0.056004
Actual execution time    : 0.07 seconds
himmelblau GA 100 100 0.001 0.6 0 0 8.003640 3400.381525 24.806857
himmelblau GA 100 100 0.001 0.6 1 100 8.003640 2342.816129 24.163859
himmelblau GA 100 100 0.001 0.6 2 200 8.003640 1158.699995 21.619267
himmelblau GA 100 100 0.001 0.6 3 300 8.003640 824.353223 20.358375
himmelblau GA 100 100 0.001 0.6 4 400 5.503550 482.552187 17.306040
himmelblau GA 100 100 0.001 0.6 5 500 5.194467 435.910382 18.517147
himmelblau GA 100 100 0.001 0.6 6 600 5.194467 321.337083 16.641751
himmelblau GA 100 100 0.001 0.6 7 700 5.194467 281.071067 17.146586
himmelblau GA 100 100 0.001 0.6 8 800 5.194467 205.124670 15.643328
himmelblau GA 100 100 0.001 0.6 9 900 5.194467 222.846855 15.574274
himmelblau GA 100 100 0.001 0.6 10 1000 5.194467 326.590458 18.286260
himmelblau GA 100 100 0.001 0.6 11 1100 5.194467 309.634984 18.178717
himmelblau GA 100 100 0.001 0.6 12 1200 4.335041 323.409179 16.896530
himmelblau GA 100 100 0.001 0.6 13 1300 4.335041 317.315176 17.556207
himmelblau GA 100 100 0.001 0.6 14 1400 4.335041 195.863858 16.053795
himmelblau GA 100 100 0.001 0.6 15 1500 4.335041 184.460435 15.152423
himmelblau GA 100 100 0.001 0.6 16 1600 0.293582 201.188036 17.008483
himmelblau GA 100 100 0.001 0.6 17 1700 0.293582 242.799104 17.174283
himmelblau GA 100 100 0.001 0.6 18 1800 0.293582 184.070420 16.175554
himmelblau GA 100 100 0.001 0.6 19 1900 0.230267 206.012755 15.405682
himmelblau GA 100 100 0.001 0.6 20 2000 0.153066 122.767406 13.895288
himmelblau GA 100 100 0.001 0.6 21 2100 0.153066 121.847934 14.908043
himmelblau GA 100 100 0.001 0.6 22 2200 0.153066 304.787175 17.161771
himmelblau GA 100 100 0.001 0.6 23 2300 0.153066 361.423591 16.738073
himmelblau GA 100 100 0.001 0.6 24 2400 0.153066 157.531920 16.254790
himmelblau GA 100 100 0.001 0.6 25 2500 0.153066 151.073414 15.289168
himmelblau GA 100 100 0.001 0.6 26 2600 0.153066 145.963402 13.626588
himmelblau GA 100 100 0.001 0.6 27 2700 0.153066 74.056728 12.156493
himmelblau GA 100 100 0.001 0.6 28 2800 0.153066 149.861755 16.999773
himmelblau GA 100 100 0.001 0.6 29 2900 0.153066 64.756107 11.799923
himmelblau GA 100 100 0.001 0.6 30 3000 0.153066 53.361409 10.419599
himmelblau GA 100 100 0.001 0.6 31 3100 0.153066 78.300167 13.803220
himmelblau GA 100 100 0.001 0.6 32 3200 0.153066 52.057154 12.271169
himmelblau GA 100 100 0.001 0.6 33 3300 0.153066 75.776481 14.253178
himmelblau GA 100 100 0.001 0.6 34 3400 0.153066 45.536969 11.759901
himmelblau GA 100 100 0.001 0.6 35 3500 0.153066 128.032178 15.412776
himmelblau GA 100 100 0.001 0.6 36 3600 0.153066 44.926900 11.913604
himmelblau GA 100 100 0.001 0.6 37 3700 0.153066 59.749264 13.724354
himmelblau GA 100 100 0.001 0.6 38 3800 0.153066 78.836959 14.787505
himmelblau GA 100 100 0.001 0.6 39 3900 0.153066 172.269814 16.332869
himmelblau GA 100 100 0.001 0.6 40 4000 0.153066 132.475911 15.014115
himmelblau GA 100 100 0.001 0.6 41 4100 0.153066 45.730392 11.351478
himmelblau GA 100 100 0.001 0.6 42 4200 0.153066 21.254327 6.459192
himmelblau GA 100 100 0.001 0.6 43 4300 0.153066 13.154830 6.686217
himmelblau GA 100 100 0.001 0.6 44 4400 0.153066 10.478031 5.564159
himmelblau GA 100 100 0.001 0.6 45 4500 0.153066 58.088130 15.066758
himmelblau GA 100 100 0.001 0.6 46 4600 0.153066 7.076704 5.564159
himmelblau GA 100 100 0.001 0.6 47 4700 0.153066 53.991763 15.021992
himmelblau GA 100 100 0.001 0.6 48 4800 0.153066 5.586055 5.509729
himmelblau GA 100 100 0.001 0.6 49 4900 0.153066 2.615199 0.737750
himmelblau GA 100 100 0.001 0.6 50 5000 0.153066 1.965822 0.805132
himmelblau GA 100 100 0.001 0.6 51 5100 0.153066 1.262645 0.805132
himmelblau GA 100 100 0.001 0.6 52 5200 0.107575 1.334236 1.075269
himmelblau GA 100 100 0.001 0.6 53 5300 0.107575 0.798587 0.649883
himmelblau GA 100 100 0.001 0.6 54 5400 0.107575 0.573157 0.645161
himmelblau GA 100 100 0.001 0.6 55 5500 0.107575 0.507616 0.442374
himmelblau GA 100 100 0.001 0.6 56 5600 0.107575 0.525784 0.442374
himmelblau GA 100 100 0.001 0.6 57 5700 0.107575 0.420350 0.442374
himmelblau GA 100 100 0.001 0.6 58 5800 0.107575 0.342353 0.341432
himmelblau GA 100 100 0.001 0.6 59 5900 0.107575 0.334884 0.334076
himmelblau GA 100 100 0.001 0.6 60 6000 0.107575 0.288490 0.180245
himmelblau GA 100 100 0.001 0.6 61 6100 0.107575 0.264942 0.174864
himmelblau GA 100 100 0.001 0.6 62 6200 0.107575 0.277316 0.174864
himmelblau GA 100 100 0.001 0.6 63 6300 0.107575 0.238558 0.117302
himmelblau GA 100 100 0.001 0.6 64 6400 0.107575 0.214331 0.117302
himmelblau GA 100 100 0.001 0.6 65 6500 0.107575 0.239012 0.117302
himmelblau GA 100 100 0.001 0.6 66 6600 0.107575 0.228799 0.117302
himmelblau GA 100 100 0.001 0.6 67 6700 0.107575 0.214370 0.117302
himmelblau GA 100 100 0.001 0.6 68 6800 0.107575 0.209700 0.117302
himmelblau GA 100 100 0.001 0.6 69 6900 0.107575 0.191549 0.117302
himmelblau GA 100 100 0.001 0.6 70 7000 0.107575 0.174846 0.117302
himmelblau GA 100 100 0.001 0.6 71 7100 0.107575 0.160418 0.117302
himmelblau GA 100 100 0.001 0.6 72 7200 0.107575 0.169305 0.117302
himmelblau GA 100 100 0.001 0.6 73 7300 0.107575 0.160084 0.117302
himmelblau GA 100 100 0.001 0.6 74 7400 0.107575 0.147023 0.117302
himmelblau GA 100 100 0.001 0.6 75 7500 0.107575 0.138631 0.117302
himmelblau GA 100 100 0.001 0.6 76 7600 0.107575 0.137640 0.078201
himmelblau GA 100 100 0.001 0.6 77 7700 0.107575 0.140864 0.078201
himmelblau GA 100 100 0.001 0.6 78 7800 0.107575 0.136730 0.078201
himmelblau GA 100 100 0.001 0.6 79 7900 0.107575 0.140369 0.078201
himmelblau GA 100 100 0.001 0.6 80 8000 0.107575 0.141775 0.117302
himmelblau GA 100 100 0.001 0.6 81 8100 0.107575 0.136689 0.039101
himmelblau GA 100 100 0.001 0.6 82 8200 0.107575 0.135779 0.039101
himmelblau GA 100 100 0.001 0.6 83 8300 0.107575 0.131685 0.039101
himmelblau GA 100 100 0.001 0.6 84 8400 0.107575 0.131685 0.039101
himmelblau GA 100 100 0.001 0.6 85 8500 0.107575 0.133505 0.039101
himmelblau GA 100 100 0.001 0.6 86 8600 0.107575 0.128501 0.039101
himmelblau GA 100 100 0.001 0.6 87 8700 0.107575 0.129411 0.039101
himmelblau GA 100 100 0.001 0.6 88 8800 0.107575 0.127591 0.039101
himmelblau GA 100 100 0.001 0.6 89 8900 0.107575 0.127136 0.039101
himmelblau GA 100 100 0.001 0.6 90 9000 0.107575 0.128956 0.039101
himmelblau GA 100 100 0.001 0.6 91 9100 0.107575 0.130775 0.039101
himmelblau GA 100 100 0.001 0.6 92 9200 0.107575 0.132595 0.039101
himmelblau GA 100 100 0.001 0.6 93 9300 0.107575 0.127591 0.039101
himmelblau GA 100 100 0.001 0.6 94 9400 0.107575 0.126681 0.039101
himmelblau GA 100 100 0.001 0.6 95 9500 0.107575 0.127591 0.039101
himmelblau GA 100 100 0.001 0.6 96 9600 0.107575 0.128501 0.039101
himmelblau GA 100 100 0.001 0.6 97 9700 0.107575 0.125316 0.039101
himmelblau GA 100 100 0.001 0.6 98 9800 0.107575 0.124407 0.039101
himmelblau GA 100 100 0.001 0.6 99 9900 0.107575 0.124862 0.039101
himmelblau GA 100 100 0.001 0.6 100 10000 0.107575 0.126681 0.039101
himmelblau GA 100 100 0.001 0.6 101 10100 0.107575 0.122587 0.039101
himmelblau GA 100 100 0.001 0.6 102 10200 0.107575 0.119858 0.039101
himmelblau GA 100 100 0.001 0.6 103 10300 0.107575 0.119858 0.039101
himmelblau GA 100 100 0.001 0.6 104 10400 0.107575 0.116673 0.039101
himmelblau GA 100 100 0.001 0.6 105 10500 0.107575 0.114399 0.039101
himmelblau GA 100 100 0.001 0.6 106 10600 0.107575 0.113034 0.039101
himmelblau GA 100 100 0.001 0.6 107 10700 0.107575 0.113034 0.039101
himmelblau GA 100 100 0.001 0.6 108 10800 0.107575 0.115763 0.039101
himmelblau GA 100 100 0.001 0.6 109 10900 0.107575 0.115308 0.039101
himmelblau GA 100 100 0.001 0.6 110 11000 0.107575 0.113944 0.039101
himmelblau GA 100 100 0.001 0.6 111 11100 0.107575 0.113944 0.039101
himmelblau GA 100 100 0.001 0.6 112 11200 0.107575 0.116218 0.039101
himmelblau GA 100 100 0.001 0.6 113 11300 0.107575 0.118493 0.039101
himmelblau GA 100 100 0.001 0.6 114 11400 0.107575 0.115763 0.039101
himmelblau GA 100 100 0.001 0.6 115 11500 0.107575 0.113944 0.039101
himmelblau GA 100 100 0.001 0.6 116 11600 0.107575 0.112579 0.039101
himmelblau GA 100 100 0.001 0.6 117 11700 0.107575 0.113034 0.039101
himmelblau GA 100 100 0.001 0.6 118 11800 0.107575 0.113034 0.039101
himmelblau GA 100 100 0.001 0.6 119 11900 0.107575 0.113034 0.039101
himmelblau GA 100 100 0.001 0.6 120 12000 0.107575 0.114853 0.039101
himmelblau GA 100 100 0.001 0.6 121 12100 0.107575 0.112124 0.039101
himmelblau GA 100 100 0.001 0.6 122 12200 0.107575 0.110304 0.039101
himmelblau GA 100 100 0.001 0.6 123 12300 0.107575 0.109849 0.039101
population with size 100:
01011100001010011101 (0.108) (-2.805, 3.079)
01011100001010011101 (0.108) (-2.805, 3.079)
01011100001010011101 (0.108) (-2.805, 3.079)
01011100001010011101 (0.108) (-2.805, 3.079)
01011100001010011101 (0.108) (-2.805, 3.079)
01011100001010011101 (0.108) (-2.805, 3.079)
01011100001010011101 (0.108) (-2.805, 3.079)
01011100001010011101 (0.108) (-2.805, 3.079)
01011100001010011101 (0.108) (-2.805, 3.079)
01011100001010011101 (0.108) (-2.805, 3.079)
01011100001010011101 (0.108) (-2.805, 3.079)
01011100001010011101 (0.108) (-2.805, 3.079)
01011100001010011101 (0.108) (-2.805, 3.079)
01011100001010011101 (0.108) (-2.805, 3.079)
01011100001010011101 (0.108) (-2.805, 3.079)
01011100001010011101 (0.108) (-2.805, 3.079)
01011100001010011101 (0.108) (-2.805, 3.079)
01011100001010011101 (0.108) (-2.805, 3.079)
01011100001010011101 (0.108) (-2.805, 3.079)
01011100001010011101 (0.108) (-2.805, 3.079)
01011100001010011101 (0.108) (-2.805, 3.079)
01011100001010011101 (0.108) (-2.805, 3.079)
01011100001010011101 (0.108) (-2.805, 3.079)
01011100001010011101 (0.108) (-2.805, 3.079)
01011100001010011101 (0.108) (-2.805, 3.079)
01011100001010011101 (0.108) (-2.805, 3.079)
01011100001010011101 (0.108) (-2.805, 3.079)
01011100001010011101 (0.108) (-2.805, 3.079)
01011100001010011101 (0.108) (-2.805, 3.079)
01011100001010011101 (0.108) (-2.805, 3.079)
01011100001010011101 (0.108) (-2.805, 3.079)
01011100001010011101 (0.108) (-2.805, 3.079)
01011100001010011101 (0.108) (-2.805, 3.079)
01011100001010011101 (0.108) (-2.805, 3.079)
01011100001010011101 (0.108) (-2.805, 3.079)
01011100001010011101 (0.108) (-2.805, 3.079)
01011100001010011101 (0.108) (-2.805, 3.079)
01011100001010011101 (0.108) (-2.805, 3.079)
01011100001010011101 (0.108) (-2.805, 3.079)
01011100001010011101 (0.108) (-2.805, 3.079)
01011100001010011101 (0.108) (-2.805, 3.079)
01011100001010011101 (0.108) (-2.805, 3.079)
01011100001010011101 (0.108) (-2.805, 3.079)
01011100001010011101 (0.108) (-2.805, 3.079)
01011100001010011101 (0.108) (-2.805, 3.079)
01011100001010011101 (0.108) (-2.805, 3.079)
01011100001010011101 (0.108) (-2.805, 3.079)
01011100001010011101 (0.108) (-2.805, 3.079)
01011100001010011101 (0.108) (-2.805, 3.079)
01011100001010011101 (0.108) (-2.805, 3.079)
01011100001010011101 (0.108) (-2.805, 3.079)
01011100001010011101 (0.108) (-2.805, 3.079)
01011100001010011101 (0.108) (-2.805, 3.079)
01011100001010011101 (0.108) (-2.805, 3.079)
01011100001010011101 (0.108) (-2.805, 3.079)
01011100001010011101 (0.108) (-2.805, 3.079)
01011100001010011101 (0.108) (-2.805, 3.079)
01011100001010011101 (0.108) (-2.805, 3.079)
01011100001010011101 (0.108) (-2.805, 3.079)
01011100001010011101 (0.108) (-2.805, 3.079)
01011100001010011101 (0.108) (-2.805, 3.079)
01011100001010011101 (0.108) (-2.805, 3.079)
01011100001010011101 (0.108) (-2.805, 3.079)
01011100001010011101 (0.108) (-2.805, 3.079)
01011100001010011101 (0.108) (-2.805, 3.079)
01011100001010011101 (0.108) (-2.805, 3.079)
01011100001010011101 (0.108) (-2.805, 3.079)
01011100001010011101 (0.108) (-2.805, 3.079)
01011100001010011101 (0.108) (-2.805, 3.079)
01011100001010011101 (0.108) (-2.805, 3.079)
01011100001010011101 (0.108) (-2.805, 3.079)
01011100001010011101 (0.108) (-2.805, 3.079)
01011100001010011101 (0.108) (-2.805, 3.079)
01011100001010011101 (0.108) (-2.805, 3.079)
01011100001010011101 (0.108) (-2.805, 3.079)
01011100001010011101 (0.108) (-2.805, 3.079)
01011100001010011101 (0.108) (-2.805, 3.079)
01011100001010011101 (0.108) (-2.805, 3.079)
01011100001010011101 (0.108) (-2.805, 3.079)
01011100001010011101 (0.108) (-2.805, 3.079)
01011100001010011101 (0.108) (-2.805, 3.079)
01011100001010011101 (0.108) (-2.805, 3.079)
01011100001010011101 (0.108) (-2.805, 3.079)
01011100001010011101 (0.108) (-2.805, 3.079)
01011100001010011101 (0.108) (-2.805, 3.079)
01011100001010011101 (0.108) (-2.805, 3.079)
01011100001010011101 (0.108) (-2.805, 3.079)
01011100001010011101 (0.108) (-2.805, 3.079)
01011100001010011101 (0.108) (-2.805, 3.079)
01011100001010011101 (0.108) (-2.805, 3.079)
01011100001010011101 (0.108) (-2.805, 3.079)
01011100001010011101 (0.108) (-2.805, 3.079)
01011100001010011101 (0.108) (-2.805, 3.079)
01011100001010011101 (0.108) (-2.805, 3.079)
01011100001010011101 (0.108) (-2.805, 3.079)
01011100101010011101 (0.153) (-2.766, 3.079)
01011100101010011101 (0.153) (-2.766, 3.079)
01011100101010011101 (0.153) (-2.766, 3.079)
01011100101010011101 (0.153) (-2.766, 3.079)
01011100101010011101 (0.153) (-2.766, 3.079)

himmelblau GA 100 100 0.001 0.6 123 12300 0.107575 0.109849 0.039101
---- Final Results ----
Best solution found at (-2.805474, 3.079179)
Function value: 0.1075748600
Total generations : 123
Average fitness   : 0.1098
Convergence       : 95.00%
Termination reason: 95.0% of population converged to fitness 0.107575
Actual execution time    : 0.06 seconds
